00000000000000000000000000000000
00000000000000000000000000000110
00000000000000000000000000000110
00000000000000000000000000000000
00000000000000000000000000101000
00000000000000000000000000000000
00000000000000000000000000000110
00000000000000000000000000000110
00000000000000000000000000000000
00000000000000000000000000101000
00000000000000000000000000000000
00000000000000000000000000000110
00000000000000000000000000000110
00000000000000000000000000000000
00000000000000000000000000101000
00000000000000000000000000000000
00000000000000000000000000000110
00000000000000000000000000000110
00000000000000000000000000000000
00000000000000000000000000101000
00000000000000000000000000000000
00000000000000000000000000000110
00000000000000000000000000000110
00000000000000000000000000000000
00000000000000000000000000101000
00000000000000000000000000000000
00000000000000000000000000000110
00000000000000000000000000000110
00000000000000000000000000000000
00000000000000000000000000101000
00000000000000000000000000000000
00000000000000000000000000000110
00000000000000000000000000000110
00000000000000000000000000000000
00000000000000000000000000101000
00000000000000000000000000000000
00000000000000000000000000000110
00000000000000000000000000000110
00000000000000000000000000000000
00000000000000000000000000101000
00000000000000000000000000101000